sin = 1.000000
cos = 0.000000
Not defined
